1 5887 415
2 3001 7410
3 1424 5645
4 152 4513
5 3309 92
6 2056 5013
7 2867 5103
8 2130 2112
9 1175 6885
10 5961 1334
11 6698 1687
12 1697 6506
13 2314 413
14 6748 3033
15 2999 6466
16 4108 1497
17 7058 4673
18 2722 2660
19 5650 7834
20 6133 6758
21 3437 5836
22 5105 6980
23 4859 7847
24 661 5558
25 7217 4971
26 3914 8121
27 2335 7065
28 7768 5448
29 788 6284
30 435 5097
31 2081 6371
32 7561 3193
33 7162 5054
34 7192 1834
35 613 5359
36 6277 6713
37 5133 4829
38 2662 6455
39 3016 430
40 2142 3057
41 4580 8102
42 4023 3026
43 5238 889
44 285 2713
45 6821 4910
46 4476 6977
47 7789 4847
48 7146 6828
49 925 2001
50 5976 743
51 796 3028
52 3013 2308
53 3259 7382
54 6164 6374
55 194 4727
56 1465 7214
57 3907 2634
58 6618 7097
59 7321 6129
60 1004 6739
61 6022 974
62 6673 3219
63 7622 4192
64 5190 538
65 3362 5537
66 7109 6405
67 3804 3786
68 6490 3234
69 6537 1970
70 3981 4339
71 4068 2563
72 5859 786
73 1909 7558
74 5583 7876
75 7884 5617
76 6019 3225
77 3833 1376
78 2944 5302
79 5985 5130
80 6577 1577
81 4222 8106
82 2508 1459
83 1300 7061
84 6999 4506
85 3372 8095
86 7729 4514
87 2606 2035
88 4955 3001
89 493 2389
90 6837 3086
91 1445 2160
92 4987 5290
93 7734 3466
94 7663 2721
95 406 5869
96 6155 4289
97 5652 3638
98 2799 7406
99 6218 3448
100 1205 1578
101 910 6660
102 3581 5926
103 899 3226
104 4711 8048
105 7154 5459
106 139 5011
107 7924 4481
108 2386 6534
109 6551 6706
110 3970 3804
111 3322 1252
112 221 5229
113 6917 7037
114 4904 4789
115 6047 6939
116 1408 1784
117 7278 4252
118 4978 6220
119 3934 6489
120 6418 4256
121 7919 5067
122 6686 6448
123 7967 3366
124 7201 6764
125 5898 747
126 1906 2521
127 3554 1386
128 3490 7235
129 6420 3292
130 3545 3232
131 6992 6850
132 2924 5246
133 2925 5579
134 5371 1375
135 3114 7794
136 7 3861
137 756 6438
138 1125 3570
139 7914 2782
140 156 5153
141 124 3792
142 8028 5212
143 3243 7377
144 4643 6666
145 7624 2363
146 39 3540
147 7116 5850
148 5492 7943
149 1726 6801
150 4614 8158
151 3510 6369
152 4942 7139
153 8053 5151
154 707 4269
155 1337 4824
156 1155 6936
157 3706 527
158 4092 6932
159 3614 364
160 1389 3831
161 5281 5182
162 4315 7519
163 1556 6863
164 3610 668
165 8051 3906
166 32 4395
167 4139 6410
168 3193 7994
169 519 5682
170 509 6045
171 3852 405
172 87 3630
173 4239 4694
174 172 5208
175 7361 4978
176 6645 6246
177 2817 4623
178 7028 3898
179 5314 4602
180 7665 5467
181 5663 1090
182 3144 5935
183 3168 8052
184 2937 5645
185 1413 2424
186 2050 7610
187 1584 4625
188 1157 5450
189 1493 5679
190 3957 2665
191 7686 3408
192 2113 7498
193 1080 3224
194 1280 1476
195 416 2608
196 1589 2904
197 3181 1172
198 5319 327
199 1655 815
200 2750 1856
201 5194 227
202 3690 88
203 3158 110
204 1939 1895
205 1959 678
206 4290 3233
207 8174 4474
208 7020 6558
209 3487 58
210 6739 1346
211 5285 6976
212 1864 868
213 4549 7895
214 6127 582
215 7725 2371
216 4724 260
217 5313 7499
218 2653 3268
219 4859 261
220 4940 7249
221 37 3593
222 5038 4715
223 739 2328
224 1931 7258
225 4702 3719
226 214 2814
227 2343 7707
228 2242 2768
229 2617 3520
230 1417 5126
231 7126 4971
232 7518 3994
233 3750 811
234 2348 659
235 3655 8063
236 5576 4351
237 7712 5908
238 7549 5586
239 608 4468
240 897 4757
241 7289 6329
242 3402 2683
243 6318 5202
244 6192 1653
245 7181 1465
246 4559 42
247 5303 7744
248 7742 3505
249 1414 6945
250 5829 2677
251 2445 364
252 5822 6436
253 594 2235
254 2704 1660
255 756 3301
256 2068 3952
257 7622 2111
258 1056 4184
259 6878 1379
260 2472 4005
261 7637 2051
262 7234 1587
263 1304 7087
264 8020 2942
265 1320 2042
266 903 1666
267 4207 1633
268 6504 7081
269 3191 7117
270 2083 5272
271 5412 3493
272 1262 3960
273 1408 6935
274 4113 8111
275 1896 4070
276 2951 4895
277 3896 3293
278 2327 2823
279 1040 6593
280 168 3957
281 3153 7837
282 4515 8130
283 938 4262
284 3569 6276
285 1285 5931
286 4958 7424
287 1735 5690
288 2510 4100
289 2258 2174
290 6693 4939
291 2856 7251
292 4800 1983
293 4923 1181
294 7262 1539
295 7629 6167
296 6026 4578
297 2421 7824
298 863 6315
299 7298 2459
300 6243 769
301 7914 3218
302 5075 947
303 4031 3880
304 7417 5501
305 3740 7138
306 499 3554
307 7040 4680
308 644 4803
309 6879 2086
310 7750 2400
311 7090 5971
312 2715 4008
313 5157 993
314 401 4780
315 469 3191
316 247 3081
317 2626 5305
318 7831 3323
319 2439 3379
320 2217 3054
321 3477 158
322 2619 7619
323 2092 2313
324 806 4004
325 3859 7956
326 1902 7258
327 7075 1306
328 1584 4628
329 606 4183
330 7604 2746
331 7725 5980
332 5352 6531
333 925 4829
334 519 3517
335 4510 6815
336 3939 1583
337 5587 1879
338 962 2440
339 3374 8056
340 384 3233
341 16 3750
342 4294 23
343 806 5983
344 810 2210
345 7812 5808
346 3600 7564
347 1672 801
348 4902 1100
349 2166 864
350 3947 386
351 1744 2375
352 809 3229
353 2818 7959
354 2458 370
355 1132 2452
356 6678 2040
357 8026 4273
358 1752 7320
359 562 3332
360 5823 3949
361 6820 4267
362 7783 5877
363 4444 2849
364 4525 738
365 1629 5442
366 6568 4432
367 6496 1497
368 5229 7991
369 6846 5155
370 1495 7247
371 270 4290
372 6504 4747
373 4356 8170
374 7655 5576
375 629 2217
376 5201 7777
377 1472 4426
378 6273 2818
379 450 5821
381 538 4480
381 3235 118
382 4710 7913
383 5357 7992
384 5885 7663
385 228 4242
386 7840 5496
387 2711 7939
388 4810 96
389 5888 5734
390 7788 2428
391 7202 5711
392 6928 1142
393 2411 7824
394 1406 7055
395 1549 894
396 2250 3013
397 2449 1048
398 1915 640
399 3065 7903
400 6362 7371
401 2035 6607
402 2465 3099
403 193 3209
404 5665 3774
405 3614 831
406 6038 495
407 1916 7336
408 3753 7265
409 1394 1607
410 2338 1205
411 1004 1462
412 6195 3779
413 3420 8123
414 7148 5301
415 2529 4608
416 3574 281
417 1582 2050
418 601 1962
419 6667 2847
420 4947 359
421 3245 7872
422 579 4940
423 2642 269
424 2703 853
425 912 2854
426 4765 972
427 6048 499
428 2933 1020
429 8065 3113
430 4376 7932
431 4678 5484
432 4769 7467
433 7963 5276
434 7280 1548
435 455 2598
436 3200 3714
437 7063 4333
438 7967 3726
439 6918 1380
440 541 2072
441 839 6554
442 3168 4672
443 7050 6858
444 366 5697
445 6994 5928
446 7759 5807
447 3523 392
448 4744 53
449 6376 3289
450 2111 5838
451 7743 5008
452 3704 8171
453 3707 2431
454 7656 4869
455 591 2448
456 5981 7731
457 1312 2434
458 2616 521
459 2282 6225
460 6557 1734
461 3811 1702
462 1471 6985
463 3270 2142
464 619 5511
465 64 3965
466 4097 2438
467 2298 7773
468 5160 8035
469 7463 5250
470 1530 5996
471 3933 1260
472 1976 3259
473 290 4058
474 1571 7216
475 1077 1464
476 1643 7366
477 3461 7728
478 7200 3490
479 5862 7720
480 3034 4119
481 6112 566
482 1954 7443
483 3793 6048
484 8014 3305
485 2283 7576
486 7210 4879
487 847 6503
488 562 2637
489 4350 7957
490 4795 974
491 4095 1188
492 1271 4802
493 6696 4009
494 2965 7334
495 3261 5206
496 2671 6041
497 7562 2516
498 2497 4139
499 2737 806
500  2378 5325