      РўСЂРµСѓРіРѕР»СЊРЅРёРє РџР°СЃРєР°Р»СЏ
(a+b)^n
              1   1    
            1   2   1                   4
          1   3   3   1                  
        1   4   6   4   1              16 
      1   5  10  10   5   1             
    1   6  15  20  15   6   1          64
  1   7  21  35  35  21   7   1        
1   8  28  56  70  56  28   8   1     256


       РЎРіР»Р°Р¶РёРІР°РЅРёРµ РїРѕ РЎР°РІРёС†РєРѕРјСѓ - Р“РѕР»СЌСЋ
-4 		       -21 		 15
-3 	       -2 	14 	  5 	-55
-2 	-3 	3 	39 	-30 	 30
-1 	12 	6 	54 	 75 	135
0 	17 	7 	59 	131 	179
1 	12 	6 	54 	 75 	135
2 	-3 	3 	39 	-30 	 30
3 	       -2 	14        5 	-55
4 		       -21 		 15

РЎСѓРјРјР° 	35 	21     231 	231 	429 
РўРѕС‡РµРє    5       7       9       7       9

     РџРµСЂРІР°СЏ РїСЂРѕРёР·РІРѕРґРЅР°СЏ РїРѕ РЎР°РІРёС†РєРѕРјСѓ-Р“РѕР»СЌСЋ
-4 				-4 			  86
-3 		       -3 	-3 		22 	-142
-2 	        -2     -2 	-2 	1      -67 	-193
-1     -1       -1     -1 	-1     -8      -58 	-126
 0 	0 	 0 	0 	 0 	0        0 	   0
 1 	1 	 1 	1 	 1 	8 	58 	 126
 2 		 2 	2 	 2     -1 	67 	 193
 3 			3 	 3 	       -22 	 142
 4 				 4 			 -86
 РЎСѓРјРјР°	2 	10 	28 	60 	12 	252 	1188
 РўРѕС‡РµРє  3        3       7       9       5       7       9 


                                    РІС…РѕРґРЅС‹Рµ РґР°РЅРЅС‹Рµ 
   [       Р±СѓС„РµСЂ             ] <------------------------------------------
   y2  y3  y4  y5  y6  y7  y8  y9 y10 y11 y12 y13 y14 y15 y16 y17
   *   *   *   *   *   *   *
   k0  k1  k2  k3  k4  k5  k6
   \________________________/
               |
   f2  f3  f4  f5  f6   0   0   0   0
   ==  ==  == ****
   y0  y1  y2  |
       
    y0*k0
       
      
       